27
133
136
0
133
136
27
133
136
27
115
136
27
115
143
85
115
143
85
136
143
42
85
136
42
99
136
42
99
121
62
99
121
62
121
127
62
127
140
109
127
140
109
113
140
76
109
113
76
90
113
76
90
126
22
90
126
22
126
136
1
22
136
0
1
136
0
1
876399096
0
32700
876399096
32700
874158680
876399096
32700
32700
874158680
7
32700
874158680
0
7
32700
0
7
874157088
0
32700
874157088
32700
874156032
874157088
32700
32700
874156032
-1760638048
32700
874156032
-1760638048
32700
32767
-1760638048
32767
874207823
32700
32767
874207823
1
32700
874207823
1
32700
32767
0
1
32767
0
0
32767
0
0
0
0
0
32767
0
32767
874196588
32700
32767
874196588
-1760638192
32700
874196588
-1760638192
32700
32767
-1760638192
32767
1700966438
0
32767
1700966438
0
0
1700966438
0
0
0
0
0
1
0
0
0
0
